10000
9996
9992
9988
9984
9980
9976
9972
9968
9964
9960
9956
9952
9948
9944
9940
9936
9932
9928
9924
9920
9916
9912
9908
9904
9900
9896
9892
9888
9884
9880
9876
9872
9868
9864
9860
9856
9852
9848
9844
9840
9836
9832
9828
9824
9820
9816
9812
9808
9804
9800
9796
9792
9788
9784
9780
9776
9772
9768
9764
9760
9756
9752
9748
9744
9740
9736
9732
9728
9724
9720
9716
9712
9708
9704
9700
9696
9692
9688
9684
9680
9676
9672
9668
9664
9660
9656
9652
9648
9644
9640
9636
9632
9628
9624
9620
9616
9612
9608
9604
9600
9596
9592
9588
9584
9580
9576
9572
9568
9564
9560
9556
9552
9548
9544
9540
9536
9532
9528
9524
9520
9516
9512
9508
9504
9500
9496
9492
9488
9484
9480
9476
9472
9468
9464
9460
9456
9452
9448
9444
9440
9436
9432
9428
9424
9420
9416
9412
9408
9404
9400
9396
9392
9388
9384
9380
9376
9372
9368
9364
9360
9356
9352
9348
9344
9340
9336
9332
9328
9324
9320
9316
9312
9308
9304
9300
9296
9292
9288
9284
9280
9276
9272
9268
9264
9260
9256
9252
9248
9244
9240
9236
9232
9228
9224
9220
9216
9212
9208
9204
9200
9196
9192
9188
9184
9180
9176
9172
9168
9164
9160
9156
9152
9148
9144
9140
9136
9132
9128
9124
9120
9116
9112
9108
9104
9100
9096
9092
9088
9084
9080
9076
9072
9068
9064
9060
9056
9052
9048
9044
9040
9036
9032
9028
9024
9020
9016
9012
9008
9004
9000
8996
8992
8988
8984
8980
8976
8972
8968
8964
8960
8956
8952
8948
8944
8940
8936
8932
8928
8924
8920
8916
8912
8908
8904
8900
8896
8892
8888
8884
8880
8876
8872
8868
8864
8860
8856
8852
8848
8844
8840
8836
8832
8828
8824
8820
8816
8812
8808
8804
8800
8796
8792
8788
8784
8780
8776
8772
8768
8764
8760
8756
8752
8748
8744
8740
8736
8732
8728
8724
8720
8716
8712
8708
8704
8700
8696
8692
8688
8684
8680
8676
8672
8668
8664
8660
8656
8652
8648
8644
8640
8636
8632
8628
8624
8620
8616
8612
8608
8604
8600
8596
8592
8588
8584
8580
8576
8572
8568
8564
8560
8556
8552
8548
8544
8540
8536
8532
8528
8524
8520
8516
8512
8508
8504
8500
8496
8492
8488
8484
8480
8476
8472
8468
8464
8460
8456
8452
8448
8444
8440
8436
8432
8428
8424
8420
8416
8412
8408
8404
8400
8396
8392
8388
8384
8380
8376
8372
8368
8364
8360
8356
8352
8348
8344
8340
8336
8332
8328
8324
8320
8316
8312
8308
8304
8300
8296
8292
8288
8284
8280
8276
8272
8268
8264
8260
8256
8252
8248
8244
8240
8236
8232
8228
8224
8220
8216
8212
8208
8204
8200
8196
8192
8188
8184
8180
8176
8172
8168
8164
8160
8156
8152
8148
8144
8140
8136
8132
8128
8124
8120
8116
8112
8108
8104
8100
8096
8092
8088
8084
8080
8076
8072
8068
8064
8060
8056
8052
8048
8044
8040
8036
8032
8028
8024
8020
8016
8012
8008
8004
8000
7996
7992
7988
7984
7980
7976
7972
7968
7964
7960
7956
7952
7948
7944
7940
7936
7932
7928
7924
7920
7916
7912
7908
7904
7900
7896
7892
7888
7884
7880
7876
7872
7868
7864
7860
7856
7852
7848
7844
7840
7836
7832
7828
7824
7820
7816
7812
7808
7804
7800
7796
7792
7788
7784
7780
7776
7772
7768
7764
7760
7756
7752
7748
7744
7740
7736
7732
7728
7724
7720
7716
7712
7708
7704
7700
7696
7692
7688
7684
7680
7676
7672
7668
7664
7660
7656
7652
7648
7644
7640
7636
7632
7628
7624
7620
7616
7612
7608
7604
7600
7596
7592
7588
7584
7580
7576
7572
7568
7564
7560
7556
7552
7548
7544
7540
7536
7532
7528
7524
7520
7516
7512
7508
7504
7500
7496
7492
7488
7484
7480
7476
7472
7468
7464
7460
7456
7452
7448
7444
7440
7436
7432
7428
7424
7420
7416
7412
7408
7404
7400
7396
7392
7388
7384
7380
7376
7372
7368
7364
7360
7356
7352
7348
7344
7340
7336
7332
7328
7324
7320
7316
7312
7308
7304
7300
7296
7292
7288
7284
7280
7276
7272
7268
7264
7260
7256
7252
7248
7244
7240
7236
7232
7228
7224
7220
7216
7212
7208
7204
7200
7196
7192
7188
7184
7180
7176
7172
7168
7164
7160
7156
7152
7148
7144
7140
7136
7132
7128
7124
7120
7116
7112
7108
7104
7100
7096
7092
7088
7084
7080
7076
7072
7068
7064
7060
7056
7052
7048
7044
7040
7036
7032
7028
7024
7020
7016
7012
7008
7004
7000
6996
6992
6988
6984
6980
6976
6972
6968
6964
6960
6956
6952
6948
6944
6940
6936
6932
6928
6924
6920
6916
6912
6908
6904
6900
6896
6892
6888
6884
6880
6876
6872
6868
6864
6860
6856
6852
6848
6844
6840
6836
6832
6828
6824
6820
6816
6812
6808
6804
6800
6796
6792
6788
6784
6780
6776
6772
6768
6764
6760
6756
6752
6748
6744
6740
6736
6732
6728
6724
6720
6716
6712
6708
6704
6700
6696
6692
6688
6684
6680
6676
6672
6668
6664
6660
6656
6652
6648
6644
6640
6636
6632
6628
6624
6620
6616
6612
6608
6604
6600
6596
6592
6588
6584
6580
6576
6572
6568
6564
6560
6556
6552
6548
6544
6540
6536
6532
6528
6524
6520
6516
6512
6508
6504
6500
6496
6492
6488
6484
6480
6476
6472
6468
6464
6460
6456
6452
6448
6444
6440
6436
6432
6428
6424
6420
6416
6412
6408
6404
6400
6396
6392
6388
6384
6380
6376
6372
6368
6364
6360
6356
6352
6348
6344
6340
6336
6332
6328
6324
6320
6316
6312
6308
6304
6300
6296
6292
6288
6284
6280
6276
6272
6268
6264
6260
6256
6252
6248
6244
6240
6236
6232
6228
6224
6220
6216
6212
6208
6204
6200
6196
6192
6188
6184
6180
6176
6172
6168
6164
6160
6156
6152
6148
6144
6140
6136
6132
6128
6124
6120
6116
6112
6108
6104
6100
6096
6092
6088
6084
6080
6076
6072
6068
6064
6060
6056
6052
6048
6044
6040
6036
6032
6028
6024
6020
6016
6012
6008
6004
6000
5996
5992
5988
5984
5980
5976
5972
5968
5964
5960
5956
5952
5948
5944
5940
5936
5932
5928
5924
5920
5916
5912
5908
5904
5900
5896
5892
5888
5884
5880
5876
5872
5868
5864
5860
5856
5852
5848
5844
5840
5836
5832
5828
5824
5820
5816
5812
5808
5804
5800
5796
5792
5788
5784
5780
5776
5772
5768
5764
5760
5756
5752
5748
5744
5740
5736
5732
5728
5724
5720
5716
5712
5708
5704
5700
5696
5692
5688
5684
5680
5676
5672
5668
5664
5660
5656
5652
5648
5644
5640
5636
5632
5628
5624
5620
5616
5612
5608
5604
5600
5596
5592
5588
5584
5580
5576
5572
5568
5564
5560
5556
5552
5548
5544
5540
5536
5532
5528
5524
5520
5516
5512
5508
5504
5500
5496
5492
5488
5484
5480
5476
5472
5468
5464
5460
5456
5452
5448
5444
5440
5436
5432
5428
5424
5420
5416
5412
5408
5404
5400
5396
5392
5388
5384
5380
5376
5372
5368
5364
5360
5356
5352
5348
5344
5340
5336
5332
5328
5324
5320
5316
5312
5308
5304
5300
5296
5292
5288
5284
5280
5276
5272
5268
5264
5260
5256
5252
5248
5244
5240
5236
5232
5228
5224
5220
5216
5212
5208
5204
5200
5196
5192
5188
5184
5180
5176
5172
5168
5164
5160
5156
5152
5148
5144
5140
5136
5132
5128
5124
5120
5116
5112
5108
5104
5100
5096
5092
5088
5084
5080
5076
5072
5068
5064
5060
5056
5052
5048
5044
5040
5036
5032
5028
5024
5020
5016
5012
5008
5004
5000
4996
4992
4988
4984
4980
4976
4972
4968
4964
4960
4956
4952
4948
4944
4940
4936
4932
4928
4924
4920
4916
4912
4908
4904
4900
4896
4892
4888
4884
4880
4876
4872
4868
4864
4860
4856
4852
4848
4844
4840
4836
4832
4828
4824
4820
4816
4812
4808
4804
4800
4796
4792
4788
4784
4780
4776
4772
4768
4764
4760
4756
4752
4748
4744
4740
4736
4732
4728
4724
4720
4716
4712
4708
4704
4700
4696
4692
4688
4684
4680
4676
4672
4668
4664
4660
4656
4652
4648
4644
4640
4636
4632
4628
4624
4620
4616
4612
4608
4604
4600
4596
4592
4588
4584
4580
4576
4572
4568
4564
4560
4556
4552
4548
4544
4540
4536
4532
4528
4524
4520
4516
4512
4508
4504
4500
4496
4492
4488
4484
4480
4476
4472
4468
4464
4460
4456
4452
4448
4444
4440
4436
4432
4428
4424
4420
4416
4412
4408
4404
4400
4396
4392
4388
4384
4380
4376
4372
4368
4364
4360
4356
4352
4348
4344
4340
4336
4332
4328
4324
4320
4316
4312
4308
4304
4300
4296
4292
4288
4284
4280
4276
4272
4268
4264
4260
4256
4252
4248
4244
4240
4236
4232
4228
4224
4220
4216
4212
4208
4204
4200
4196
4192
4188
4184
4180
4176
4172
4168
4164
4160
4156
4152
4148
4144
4140
4136
4132
4128
4124
4120
4116
4112
4108
4104
4100
4096
4092
4088
4084
4080
4076
4072
4068
4064
4060
4056
4052
4048
4044
4040
4036
4032
4028
4024
4020
4016
4012
4008
4004
4000
3996
3992
3988
3984
3980
3976
3972
3968
3964
3960
3956
3952
3948
3944
3940
3936
3932
3928
3924
3920
3916
3912
3908
3904
3900
3896
3892
3888
3884
3880
3876
3872
3868
3864
3860
3856
3852
3848
3844
3840
3836
3832
3828
3824
3820
3816
3812
3808
3804
3800
3796
3792
3788
3784
3780
3776
3772
3768
3764
3760
3756
3752
3748
3744
3740
3736
3732
3728
3724
3720
3716
3712
3708
3704
3700
3696
3692
3688
3684
3680
3676
3672
3668
3664
3660
3656
3652
3648
3644
3640
3636
3632
3628
3624
3620
3616
3612
3608
3604
3600
3596
3592
3588
3584
3580
3576
3572
3568
3564
3560
3556
3552
3548
3544
3540
3536
3532
3528
3524
3520
3516
3512
3508
3504
3500
3496
3492
3488
3484
3480
3476
3472
3468
3464
3460
3456
3452
3448
3444
3440
3436
3432
3428
3424
3420
3416
3412
3408
3404
3400
3396
3392
3388
3384
3380
3376
3372
3368
3364
3360
3356
3352
3348
3344
3340
3336
3332
3328
3324
3320
3316
3312
3308
3304
3300
3296
3292
3288
3284
3280
3276
3272
3268
3264
3260
3256
3252
3248
3244
3240
3236
3232
3228
3224
3220
3216
3212
3208
3204
3200
3196
3192
3188
3184
3180
3176
3172
3168
3164
3160
3156
3152
3148
3144
3140
3136
3132
3128
3124
3120
3116
3112
3108
3104
3100
3096
3092
3088
3084
3080
3076
3072
3068
3064
3060
3056
3052
3048
3044
3040
3036
3032
3028
3024
3020
3016
3012
3008
3004
3000
2996
2992
2988
2984
2980
2976
2972
2968
2964
2960
2956
2952
2948
2944
2940
2936
2932
2928
2924
2920
2916
2912
2908
2904
2900
2896
2892
2888
2884
2880
2876
2872
2868
2864
2860
2856
2852
2848
2844
2840
2836
2832
2828
2824
2820
2816
2812
2808
2804
2800
2796
2792
2788
2784
2780
2776
2772
2768
2764
2760
2756
2752
2748
2744
2740
2736
2732
2728
2724
2720
2716
2712
2708
2704
2700
2696
2692
2688
2684
2680
2676
2672
2668
2664
2660
2656
2652
2648
2644
2640
2636
2632
2628
2624
2620
2616
2612
2608
2604
2600
2596
2592
2588
2584
2580
2576
2572
2568
2564
2560
2556
2552
2548
2544
2540
2536
2532
2528
2524
2520
2516
2512
2508
2504
2500
2496
2492
2488
2484
2480
2476
2472
2468
2464
2460
2456
2452
2448
2444
2440
2436
2432
2428
2424
2420
2416
2412
2408
2404
2400
2396
2392
2388
2384
2380
2376
2372
2368
2364
2360
2356
2352
2348
2344
2340
2336
2332
2328
2324
2320
2316
2312
2308
2304
2300
2296
2292
2288
2284
2280
2276
2272
2268
2264
2260
2256
2252
2248
2244
2240
2236
2232
2228
2224
2220
2216
2212
2208
2204
2200
2196
2192
2188
2184
2180
2176
2172
2168
2164
2160
2156
2152
2148
2144
2140
2136
2132
2128
2124
2120
2116
2112
2108
2104
2100
2096
2092
2088
2084
2080
2076
2072
2068
2064
2060
2056
2052
2048
2044
2040
2036
2032
2028
2024
2020
2016
2012
2008
2004
2000
1996
1992
1988
1984
1980
1976
1972
1968
1964
1960
1956
1952
1948
1944
1940
1936
1932
1928
1924
1920
1916
1912
1908
1904
1900
1896
1892
1888
1884
1880
1876
1872
1868
1864
1860
1856
1852
1848
1844
1840
1836
1832
1828
1824
1820
1816
1812
1808
1804
1800
1796
1792
1788
1784
1780
1776
1772
1768
1764
1760
1756
1752
1748
1744
1740
1736
1732
1728
1724
1720
1716
1712
1708
1704
1700
1696
1692
1688
1684
1680
1676
1672
1668
1664
1660
1656
1652
1648
1644
1640
1636
1632
1628
1624
1620
1616
1612
1608
1604
1600
1596
1592
1588
1584
1580
1576
1572
1568
1564
1560
1556
1552
1548
1544
1540
1536
1532
1528
1524
1520
1516
1512
1508
1504
1500
1496
1492
1488
1484
1480
1476
1472
1468
1464
1460
1456
1452
1448
1444
1440
1436
1432
1428
1424
1420
1416
1412
1408
1404
1400
1396
1392
1388
1384
1380
1376
1372
1368
1364
1360
1356
1352
1348
1344
1340
1336
1332
1328
1324
1320
1316
1312
1308
1304
1300
1296
1292
1288
1284
1280
1276
1272
1268
1264
1260
1256
1252
1248
1244
1240
1236
1232
1228
1224
1220
1216
1212
1208
1204
1200
1196
1192
1188
1184
1180
1176
1172
1168
1164
1160
1156
1152
1148
1144
1140
1136
1132
1128
1124
1120
1116
1112
1108
1104
1100
1096
1092
1088
1084
1080
1076
1072
1068
1064
1060
1056
1052
1048
1044
1040
1036
1032
1028
1024
1020
1016
1012
1008
1004
1000
996
992
988
984
980
976
972
968
964
960
956
952
948
944
940
936
932
928
924
920
916
912
908
904
900
896
892
888
884
880
876
872
868
864
860
856
852
848
844
840
836
832
828
824
820
816
812
808
804
800
796
792
788
784
780
776
772
768
764
760
756
752
748
744
740
736
732
728
724
720
716
712
708
704
700
696
692
688
684
680
676
672
668
664
660
656
652
648
644
640
636
632
628
624
620
616
612
608
604
600
596
592
588
584
580
576
572
568
564
560
556
552
548
544
540
536
532
528
524
520
516
512
508
504
500
496
492
488
484
480
476
472
468
464
460
456
452
448
444
440
436
432
428
424
420
416
412
408
404
400
396
392
388
384
380
376
372
368
364
360
356
352
348
344
340
336
332
328
324
320
316
312
308
304
300
296
292
288
284
280
276
272
268
264
260
256
252
248
244
240
236
232
228
224
220
216
212
208
204
200
196
192
188
184
180
176
172
168
164
160
156
152
148
144
140
136
132
128
124
120
116
112
108
104
100
96
92
88
84
80
76
72
68
64
60
56
52
48
44
40
36
32
28
24
20
16
12
8
4