3693
3097
7001
6797
9257
6845
9185
4157
5733
4061
6449
4301
7453
805
2441
9497
5617
9269
1305
9717
2825
2437
5569
593
7361
6497
425
1009
8277
3533
565
9397
9141
249
6049
3637
5293
4153
833
5117
4365
129
5789
3053
9577
8049
9869
4345
8965
645
7029
1185
6781
5593
2397
2725
4073
4641
8565
5237
2421
7821
8329
7561
3753
1101
4745
9161
6621
4989
3485
8941
2173
3285
2601
9441
6777
8461
509
181
1813
1325
5145
7193
1497
7805
6557
7209
9625
3681
1481
3997
3633
6097
1537
9777
9697
5389
4525
7245
6445
9041
9613
3549
9473
4773
2541
1221
8457
9553
4521
3245
977
7205
5701
4601
7345
1929
9337
6125
5409
9305
8065
1545
9521
6825
4565
2253
8769
5053
1361
6969
5821
2301
5089
3749
7201
2885
1637
7109
3325
2901
7053
5005
121
8221
2965
6141
5225
733
6833
3133
5989
5121
5801
6389
8613
1877
4889
1457
8961
553
813
665
9881
8585
4817
2657
9165
2805
9217
9469
7101
3425
7629
5741
5109
8345
6809
8661
4281
2545
1301
2385
2041
8209
9389
8137
4709
4033
8045
1333
7965
2677
1377
4161
3953
649
3929
137
4321
4977
3189
5565
9753
4473
521
5601
8665
1973
5341
4625
3545
8417
5397
6201
3829
9069
4501
9561
861
3921
2277
5853
2457
7713
7257
3461
9597
7461
973
3077
7933
2765
5077
4105
3249
5153
3305
3393
9965
1077
9149
5745
6285
7189
6977
8733
6609
3029
6673
237
2341
4065
5933
5261
1241
7717
9209
3885
777
7365
6749
7117
6237
3357
7169
109
5717
9905
2865
1561
7853
597
2881
6865
6157
8493
6213
457
2117
4705
6261
2633
4693
1985
2729
1205
8889
7685
9921
5941
3041
5969
7977
5485
4221
9121
5473
1013
1117
7737
4613
1857
9813
7757
3701
2645
5365
8597
7413
2045
8949
4581
3453
2049
4173
3377
8241
3345
853
3965
9513
9253
4813
8521
7705
9789
3057
8377
257
6409
9173
6161
2849
8053
1081
2873
7237
5065
8141
1233
6345
8025
6681
9425
3297
8357
4125
9525
9289
7693
4189
6929
8829
57
4229
9045
6429
8361
3465
1517
6045
9941
4057
1285
2941
1917
5677
9653
9961
5385
3369
2745
5041
3157
9765
3033
6725
3837
2461
4085
3905
2969
7577
9737
2669
1061
8385
8173
2509
4273
5421
3489
9205
4145
6785
4593
9701
7033
7229
7069
6085
281
4561
1493
5157
9713
4421
5165
3273
2933
9817
4973
4037
8925
9093
5017
3657
7173
381
1965
3565
2329
213
6433
1253
2821
6341
1445
1829
5173
9385
1549
1289
3185
3445
1073
7105
5633
685
5661
2113
9769
8909
1133
5609
9637
9549
6617
2073
4605
9065
3649
7185
9809
5553
589
2245
1121
7833
1489
8729
8257
2917
6577
5305
9025
2689
5297
37
3113
7593
8369
4297
9841
9245
7565
6417
9493
8561
2581
5909
4573
3197
9937
7741
2097
9997
841
3321
6133
2293
8641
2369
6757
9349
7417
7733
9609
8405
197
5161
7505
6589
1669
9313
2405
5825
3993
2893
2517
4069
541
6581
4609
3705
7521
205
9913
3349
5597
5249
7317
8229
5737
5889
2377
6205
545
4721
7841
4941
797
2897
5881
305
1349
1157
6529
1433
1165
4513
7581
1137
6137
2493
9125
4857
1049
8485
2889
1093
1993
3429
517
3669
6169
4965
8033
681
2089
3021
1913
6113
2629
3709
141
5093
9361
3365
8505
3541
8481
9993
7513
133
1821
5505
9489
7809
2357
5997
5809
4477
7525
6917
8433
3773
7145
1861
7929
3569
2189
4717
905
8513
6249
7825
8893
729
9297
4217
9945
2077
2209
3661
1401
4465
9689
6889
221
9677
8897
677
5029
9917
5129
313
7333
1109
3529
8449
9333
6437
3521
2785
7973
9665
2929
6121
4437
2985
53
97
5621
3209
9445
4149
7773
3581
7321
5049
4017
5349
8189
1933
8705
1885
9345
5945
9953
7625
4793
13
6153
9013
6573
469
6593
4317
8509
5965
9821
5521
7837
7221
3833
7981
4285
2761
4417
9957
8805
9649
7669
1941
8765
9805
585
3945
8269
6885
4505
2225
513
4277
3973
5769
3261
1881
3257
2613
8853
4993
961
9833
7893
669
2637
1177
7401
2373
5713
5169
1845
8353
7793
8885
4809
989
6857
489
8725
9793
9669
1501
2297
3449
301
193
2361
4553
6405
5025
5885
7769
6641
5445
7765
1281
1809
6297
8809
9897
3397
8977
581
8341
8281
2393
2185
5725
5637
609
7261
2857
7473
7641
5949
1725
8393
3685
8845
6469
493
9733
1337
7969
1521
1057
7533
2833
7857
1461
3513
7249
9145
8201
4825
293
1581
9413
2913
6945
8789
901
273
477
5905
4681
6541
9221
6165
4957
4469
6057
5377
4257
3721
2229
8721
8089
7297
2681
7881
4661
2753
8009
5193
8797
2845
4089
5973
8945
7501
1697
1405
6197
8701
1617
913
9705
5105
6037
5917
8873
7045
2489
8293
2365
1217
8105
3177
4697
2125
8181
4981
1381
9261
2129
6613
9949
2773
73
8605
5125
6653
2533
7457
1029
173
3469
6473
3125
8117
6421
709
8085
937
5477
2997
809
5529
6525
3777
941
2569
1065
1105
1237
1893
149
2149
7697
5329
1293
3853
1853
6109
8129
1689
9001
8333
4241
2289
825
6233
1693
7373
9885
4053
3769
8301
1069
3161
125
6129
3361
9177
4177
9057
9285
5877
5101
765
9721
6245
705
9829
1729
3105
3441
4669
393
4945
9477
3353
5849
9933
245
3697
9377
7909
5657
409
1661
433
4341
4929
6737
9157
9693
3457
6729
1341
5353
4649
8901
9973
8841
2469
9593
4645
449
1161
1801
4337
7149
6733
2653
4881
9229
3621
5705
5453
1509
7613
6741
2321
1905
1477
8193
5805
65
9129
7617
429
1193
4185
8205
817
8757
1141
865
9633
3613
3781
1317
2801
8001
4737
7385
1421
1569
3081
5545
2085
1553
9097
1865
6313
169
4357
4849
5301
6693
9481
3217
7601
9213
6789
4861
5517
1677
4777
7397
4265
7137
8497
6597
1981
9085
2957
929
7445
165
1937
8041
3629
1737
8029
3093
9725
3741
2861
9585
4885
6537
7901
5481
8905
341
981
9021
3073
6281
845
5469
8145
3617
1529
6105
3809
2201
5205
1353
9977
6009
9709
2717
6021
857
2813
145
3865
6561
537
7749
7637
6873
5729
3981
3725
9537
6721
8309
3785
7589
5757
9429
6241
9893
4457
689
4117
1097
4201
1213
5681
8325
621
3269
3841
7873
2525
6093
4549
881
6505
5429
7309
3501
7941
6065
629
4093
1321
1909
3793
8265
6273
7925
7073
4025
5541
7573
7597
2465
2577
8421
3281
7093
2053
8681
2353
4997
7177
2101
2257
605
2305
3165
7961
8773
9101
5021
7153
9133
2285
3201
7125
5265
4749
1005
4585
5441
5177
8717
8217
6465
6637
2313
9077
3065
4397
4309
3917
2265
229
5761
5345
6669
8653
4589
2733
7353
3337
8637
253
3825
3969
9
8225
7389
345
3665
5549
7917
4765
9461
9845
6393
9273
7377
5369
1601
6253
8861
769
1373
4097
3001
4909
1841
2501
1037
1869
8537
3241
9029
3713
9353
8185
5673
8649
1817
9617
6569
1357
717
6881
1201
7437
2909
6901
7953
6377
2205
4253
5613
1249
3689
5629
8989
7605
8997
4753
2161
8821
8125
1597
9365
953
2529
2661
2381
6033
2057
7725
6565
5317
5501
1621
3941
1025
1565
5689
4801
7869
7089
6269
6209
921
5993
4101
2817
6025
9181
8273
8697
201
261
3045
8297
9449
3293
8037
7913
5241
6965
7217
6817
5141
2105
5221
4897
9505
8545
2165
5697
1753
4433
7553
5749
9861
9565
8573
1169
1389
9437
7133
789
9233
2193
1449
45
6813
1769
7829
2617
2693
5721
3129
9757
5033
6329
5709
3817
2261
6793
673
4541
1573
1625
2869
7665
6321
8057
3493
5433
5845
1145
3253
2197
7349
9265
413
2605
8865
8501
369
2565
1805
4209
7777
6293
7845
9089
9901
6041
2793
6001
2549
3765
1745
2981
7797
5953
8305
3233
4113
4933
9317
6005
7677
2781
9989
5057
9201
4013
8553
5137
3961
8245
9049
8077
2749
4429
781
5981
105
2593
1717
4653
8761
2597
6101
1701
41
7957
8801
3025
4785
1441
5037
6509
8685
189
2837
7789
2841
8413
7337
1189
3949
1949
501
5669
3069
5961
4141
505
6481
5381
3289
917
8877
1969
9277
6661
3477
3761
1789
5061
4533
9661
5817
4905
5897
1837
8577
1
8397
8825
7785
361
4385
1525
8529
6193
385
4233
1953
1557
25
9605
3893
8213
7277
6425
4129
5649
7945
8589
6937
7801
113
1633
8121
4725
613
8669
3317
6989
6861
741
8881
3169
1977
5309
3277
1397
1825
6545
4597
2009
737
6413
9401
4389
8933
3409
6625
5073
869
6941
7381
9033
8073
5461
4333
1085
7165
5513
2481
5257
6553
3733
9745
573
349
1765
4393
7449
9241
4453
4797
7529
9529
1329
4077
6549
2945
945
4193
1901
5781
2721
9849
465
1533
2429
5665
6869
1613
5793
6017
5557
8165
9321
6257
7313
1833
8969
6401
5573
321
6713
1273
2213
1409
9853
7657
7433
4381
5929
2977
9641
4569
3653
4245
8689
7233
1429
4481
4537
8629
9685
889
893
1245
9393
1749
2281
969
5281
6801
5245
309
2477
3805
2589
8957
5133
9433
1309
6189
1897
2029
5201
4445
9621
3417
4049
1173
9781
3205
9569
3593
661
2093
4045
4197
7429
1473
7949
5405
7817
3085
2769
4841
5337
1989
2081
2649
317
7285
4953
8317
3589
2497
9373
9797
6081
745
877
8617
617
7009
5321
6317
7241
101
7689
2989
8857
1089
2177
4369
233
1781
4577
2005
6665
4009
549
4237
4557
7645
1589
6381
7781
8285
6265
5869
8113
5653
3585
3989
8813
3221
5
5693
3525
6709
1605
2709
9741
4329
1369
3601
9309
8157
761
3889
1685
9037
6893
6493
2625
2325
8917
6453
2641
4629
4621
2513
8489
7357
5625
6745
4509
873
421
1757
7877
3401
7549
265
5957
8149
81
93
5217
8937
7441
1113
6013
8541
3605
7865
7701
8993
3757
2713
9601
9761
3913
4405
7369
7469
2345
7753
2961
4225
9573
4441
6277
2433
3517
993
3225
5333
6677
9081
7225
6877
405
2217
6289
8621
357
6225
3625
2665
5457
7649
6177
625
1313
985
225
3537
3577
6909
153
2949
9589
6657
365
1153
3909
2001
925
9369
9281
7025
7141
2777
4361
2309
1733
529
6697
7213
3229
1761
157
2925
8005
6369
77
6325
1425
885
8313
5289
8785
8453
6149
9293
285
3413
2121
1265
1269
7937
5533
9325
7609
5685
2621
3937
2609
3313
5085
8093
8081
8693
9169
8609
3933
5097
637
4249
217
693
4633
6053
3433
3897
5901
185
2025
4833
389
6601
6753
8409
8981
7289
7633
3561
8197
5229
4461
1957
557
1921
117
1649
829
1257
4829
9729
7989
417
8741
6373
3121
1465
965
1721
2697
8469
2953
6513
7509
7409
785
1437
397
1713
4425
7993
5001
2169
6337
5921
9249
3381
4269
9329
49
7197
7405
3437
6397
9857
1021
5069
4325
4313
801
6829
9453
5181
9581
2401
9545
6961
933
3213
5393
3873
4165
7569
2537
5873
8177
7861
1585
353
3389
8389
849
7621
6925
6357
5285
4961
2069
5277
4853
7265
4985
7013
7181
5537
9073
481
8289
5773
5829
5589
2157
3925
1385
7065
3641
7497
6773
577
6077
8373
2449
3877
8525
5577
6705
297
6821
8465
8777
2737
4921
3141
4489
3013
8161
3977
2137
9785
401
3849
6533
2233
5813
3957
3173
3385
6173
7673
1209
4133
1225
445
909
4205
5313
9113
8153
2553
9421
6333
4769
1641
2557
4021
8557
85
4493
2221
1053
525
7341
3153
8337
1345
4637
6485
5045
7813
6385
8593
7905
6689
1393
4081
3061
8973
6769
3985
8749
2409
3017
9017
1873
533
6985
5401
2145
2269
6361
2521
3405
6365
6029
473
4845
2673
8437
69
6477
7897
4497
9005
6761
177
9985
601
2133
1149
8921
725
3473
5489
3329
21
1261
2241
4289
2921
6765
1181
5197
437
17
6305
9517
5497
1609
633
2561
4657
4913
9301
1709
3673
6973
4121
2809
5837
4485
8441
6309
7545
7281
2445
2757
8709
5417
9681
8869
1673
2505
4353
7709
9105
7157
6949
7329
7077
7041
5493
7269
4529
277
2473
8401
4029
6853
4969
6301
7997
2349
8533
9873
8625
9417
6145
497
8633
641
9189
3509
9645
9749
7017
9533
3237
8833
7477
5977
9969
1297
9801
8253
7661
697
6521
1513
1785
4137
9137
4733
1505
1741
6957
8985
5893
5373
8425
8069
6933
5861
4837
5925
8837
2317
4901
1277
5013
8581
3609
4949
3821
7393
6633
4677
6905
3553
3373
3301
4865
8569
6441
337
6221
7253
2333
7005
7921
9117
8753
4729
6069
3857
7585
9485
4917
2273
7425
9925
3801
5785
3813
5149
1453
1413
8097
5437
5865
4869
9825
7121
6489
4449
721
9889
8913
8781
4665
6629
4261
3573
5361
4673
4005
7325
6229
9053
773
1485
821
8517
2237
1793
6461
5525
5325
7081
3597
9837
209
6849
7021
2905
1665
5081
7129
3901
7057
4713
4409
4781
4293
9061
6717
3005
4757
3497
9773
3049
1593
9357
241
9865
1773
1705
5561
7537
2337
6185
6649
2877
2021
2701
9197
2017
1577
8657
753
997
897
9109
9009
8101
6997
161
5413
2937
4893
2181
3089
7049
6701
2389
8381
89
9657
7985
6089
4545
2829
4109
6897
9877
4877
1045
8061
4517
5797
2453
6605
3341
2141
5937
9673
3265
4169
9237
2573
7729
4305
8249
8793
3737
9193
5585
1849
4377
9457
4689
9929
461
5465
6685
3145
6073
569
7745
2993
8321
6117
8549
9381
7493
3333
7113
1997
8645
3101
6921
3309
7305
7653
269
3869
757
5185
5509
8473
8737
3789
1797
9981
4821
8445
4805
9557
7489
1197
5273
9153
4789
4937
7301
7161
289
6953
3881
9909
485
5253
1945
6981
5765
7557
9409
1033
7761
3677
5777
7097
3481
793
2425
749
4401
4349
7517
8365
4701
373
1017
8849
5113
9225
7037
8677
1653
1469
8233
5985
7849
1417
4741
33
5269
3557
3009
7273
8929
1925
8953
1001
7085
2853
5645
7485
3181
8013
5233
2037
9405
3037
5605
5753
6805
2741
837
8429
6349
6841
5641
4925
2685
1681
7541
6181
8477
2109
2705
4213
325
7421
3845
3117
5913
1645
8109
8017
8261
3645
2417
6517
5581
1961
1541
701
2789
2485
8745
377
657
3729
6501
5857
4685
7721
6993
1365
9465
8673
3193
3137
5357
1889
1229
7889
713
3109
7293
1041
5425
4761
1125
2797
333
653
6585
3717
5833
2061
8133
8713
2153
2585
6457
4041
9629
1629
9341
1657
2065
3421
6645
2973
453
61
7465
6353
561
6837
8601
9509
2249
7061
9541
957
4181
329
8817
4413
5841
4001
7481
2033
29
8237
6061
2013
2413
1129
6913
8349
5189
4373
5449
5009
4617
3149
7681
3505
3861
4873
7885
1777
8169
5213
5209
9501
441
3745
8021
3797
949
6217